-0.26479210432989964,-3.0140006026911905
0.4016893908935738
1.7947762811941272,-0.5493843124826646
-2.046737446038056
0.19795076494237404,-1.0476888708270762
0.37963324461630205
3.0764156586181977,0.09172540881020573
-1.9173083952725394
1.2408090734189057,-0.47043634516466737
-0.9927511869018476
-0.3415175027679726,-0.9339025124433933
0.8092230470464589
#
-0.6294471849734687,-1.6585160855331076,0.400315654863949,2.358872805964283,-1.0218695139740146,1.2652106772780858
-0.591015700890273
-1.3232986945010337,-0.5951567728827784,0.3079936181779765,-0.13236981573889464,0.901370340154426,0.48863578712127015
0.2068021817500907
#
